no change     /home/users/delon/miniconda3/condabin/conda
no change     /home/users/delon/miniconda3/bin/conda
no change     /home/users/delon/miniconda3/bin/conda-env
no change     /home/users/delon/miniconda3/bin/activate
no change     /home/users/delon/miniconda3/bin/deactivate
no change     /home/users/delon/miniconda3/etc/profile.d/conda.sh
no change     /home/users/delon/miniconda3/etc/fish/conf.d/conda.fish
no change     /home/users/delon/miniconda3/shell/condabin/Conda.psm1
no change     /home/users/delon/miniconda3/shell/condabin/conda-hook.ps1
no change     /home/users/delon/miniconda3/lib/python3.10/site-packages/xontrib/conda.xsh
no change     /home/users/delon/miniconda3/etc/profile.d/conda.csh
no change     /home/users/delon/.bashrc
No action taken.
Box0_1400
     message: Optimization terminated successfully.
     success: True
      status: 0
         fun: 1e+22
           x: [ 6.172e-02  1.964e-01  2.043e-01  1.603e-01  1.481e-03
                9.255e-01  7.651e-01  3.875e-01]
         nit: 0
         jac: [ 0.000e+00  0.000e+00  0.000e+00  0.000e+00  0.000e+00
                0.000e+00  0.000e+00  0.000e+00]
    hess_inv: [[1 0 ... 0 0]
               [0 1 ... 0 0]
               ...
               [0 0 ... 1 0]
               [0 0 ... 0 1]]
        nfev: 9
        njev: 1
 param_names: ['d0', 'd1', 'e0', 'e1', 'f0', 'f1', 'g0', 'g1']
[0.06171762 0.19638695 0.20434266 0.16028976 0.00148075 0.92545486
 0.76505561 0.38748358]
Box1_1400
     message: Desired error not necessarily achieved due to precision loss.
     success: False
      status: 2
         fun: 10072923.60348181
           x: [ 5.918e-01 -7.183e-01  7.413e-02  2.896e-01  1.544e+00
               -1.460e+00  7.338e-01 -2.862e-01]
         nit: 7
         jac: [-8.199e+07 -2.624e+07  2.192e+07  6.141e+06 -5.551e+06
               -6.798e+04  5.544e+05 -1.043e+07]
    hess_inv: [[ 8.287e-03  1.409e-02 ...  1.595e-03 -6.348e-03]
               [ 1.409e-02  2.394e-02 ...  2.711e-03 -1.079e-02]
               ...
               [ 1.595e-03  2.711e-03 ...  3.071e-04 -1.222e-03]
               [-6.348e-03 -1.079e-02 ... -1.222e-03  4.863e-03]]
        nfev: 1050
        njev: 115
 param_names: ['d0', 'd1', 'e0', 'e1', 'f0', 'f1', 'g0', 'g1']
[ 0.59180016 -0.71830519  0.07413172  0.28955031  1.54362079 -1.4599354
  0.73376419 -0.2862332 ]
Box2_1400
     message: Desired error not necessarily achieved due to precision loss.
     success: False
      status: 2
         fun: 10662997.850960806
           x: [ 6.845e-01 -5.875e-01  4.286e+00 -2.353e+00  2.187e+00
                1.457e+00  5.241e-01  5.404e-01]
         nit: 8
         jac: [ 4.412e+07  1.297e+07 -1.477e+06 -1.153e+05  1.301e+07
                1.542e+06 -1.130e+08 -1.040e+07]
    hess_inv: [[ 2.543e-09 -5.244e-09 ...  6.433e-10  1.785e-10]
               [-5.244e-09  1.923e-08 ... -4.989e-10  1.055e-08]
               ...
               [ 6.433e-10 -4.989e-10 ...  6.922e-10  1.279e-10]
               [ 1.785e-10  1.055e-08 ...  1.279e-10  3.478e-08]]
        nfev: 766
        njev: 84
 param_names: ['d0', 'd1', 'e0', 'e1', 'f0', 'f1', 'g0', 'g1']
[ 0.68450063 -0.58752855  4.28595808 -2.35276561  2.18721365  1.45745414
  0.52409009  0.54035117]
Box3_1400
     message: Optimization terminated successfully.
     success: True
      status: 0
         fun: 1e+22
           x: [ 8.955e-01  2.826e-01  1.271e-01  5.245e-01  4.663e-01
                8.608e-01  6.687e-01  6.664e-01]
         nit: 0
         jac: [ 0.000e+00  0.000e+00  0.000e+00  0.000e+00  0.000e+00
                0.000e+00  0.000e+00  0.000e+00]
    hess_inv: [[1 0 ... 0 0]
               [0 1 ... 0 0]
               ...
               [0 0 ... 1 0]
               [0 0 ... 0 1]]
        nfev: 9
        njev: 1
 param_names: ['d0', 'd1', 'e0', 'e1', 'f0', 'f1', 'g0', 'g1']
[0.89546769 0.28259788 0.12708937 0.52450136 0.46632226 0.86079877
 0.66874532 0.66641153]
Box4_1400
     message: Optimization terminated successfully.
     success: True
      status: 0
         fun: 1e+22
           x: [ 2.011e-01  5.249e-01  9.209e-01  7.762e-01  4.321e-02
                8.102e-01  8.432e-01  3.866e-01]
         nit: 0
         jac: [ 0.000e+00  0.000e+00  0.000e+00  0.000e+00  0.000e+00
                0.000e+00  0.000e+00  0.000e+00]
    hess_inv: [[1 0 ... 0 0]
               [0 1 ... 0 0]
               ...
               [0 0 ... 1 0]
               [0 0 ... 0 1]]
        nfev: 9
        njev: 1
 param_names: ['d0', 'd1', 'e0', 'e1', 'f0', 'f1', 'g0', 'g1']
[0.20110601 0.52493719 0.92087644 0.77618376 0.04320712 0.81022109
 0.84318214 0.38662244]
Box5_1400
     message: Desired error not necessarily achieved due to precision loss.
     success: False
      status: 2
         fun: 60212398.08425224
           x: [ 8.663e-01  5.928e-02  3.068e-01 -4.629e-03  1.410e-01
                5.577e-01  1.113e+00  1.034e-01]
         nit: 2
         jac: [-1.264e+07 -5.049e+06  2.815e+07  1.056e+07  2.609e+08
                9.906e+07  3.637e+07  1.810e+07]
    hess_inv: [[ 9.933e-01 -1.715e-03 ... -1.330e-02 -4.713e-02]
               [-1.715e-03  9.995e-01 ... -1.545e-02 -1.726e-02]
               ...
               [-1.330e-02 -1.545e-02 ...  1.210e-02 -1.003e-01]
               [-4.713e-02 -1.726e-02 ... -1.003e-01  8.798e-01]]
        nfev: 619
        njev: 67
 param_names: ['d0', 'd1', 'e0', 'e1', 'f0', 'f1', 'g0', 'g1']
[ 0.86629219  0.05927679  0.30676948 -0.0046295   0.14097437  0.55774525
  1.112918    0.10340272]
Box6_1400
     message: Desired error not necessarily achieved due to precision loss.
     success: False
      status: 2
         fun: 1984631.0216290697
           x: [ 1.379e+00  4.874e-01  4.401e+00 -2.375e+00  4.087e-01
               -5.235e-01  6.407e-01  8.268e-01]
         nit: 64
         jac: [-1.329e+05  4.784e+05 -8.006e+04  7.207e+03 -3.645e+06
               -1.536e+06  6.768e+05 -6.625e+05]
    hess_inv: [[ 4.490e-08 -8.259e-08 ...  1.044e-08  6.206e-09]
               [-8.259e-08  5.656e-07 ... -1.695e-08  1.750e-07]
               ...
               [ 1.044e-08 -1.695e-08 ...  4.502e-09  5.076e-10]
               [ 6.206e-09  1.750e-07 ...  5.076e-10  1.273e-07]]
        nfev: 831
        njev: 91
 param_names: ['d0', 'd1', 'e0', 'e1', 'f0', 'f1', 'g0', 'g1']
[ 1.37850024  0.48741841  4.40085649 -2.37477071  0.40872013 -0.52351264
  0.64074591  0.82683589]
Box7_1400
     message: Optimization terminated successfully.
     success: True
      status: 0
         fun: 1e+22
           x: [ 4.121e-01  4.734e-01  4.006e-01  9.711e-02  5.518e-01
                8.350e-01  2.145e-01  9.998e-01]
         nit: 0
         jac: [ 0.000e+00  0.000e+00  0.000e+00  0.000e+00  0.000e+00
                0.000e+00  0.000e+00  0.000e+00]
    hess_inv: [[1 0 ... 0 0]
               [0 1 ... 0 0]
               ...
               [0 0 ... 1 0]
               [0 0 ... 0 1]]
        nfev: 9
        njev: 1
 param_names: ['d0', 'd1', 'e0', 'e1', 'f0', 'f1', 'g0', 'g1']
[0.41213789 0.47341084 0.40055603 0.0971081  0.55178857 0.83496885
 0.21449988 0.99981055]
Box8_1400
     message: Optimization terminated successfully.
     success: True
      status: 0
         fun: 1e+22
           x: [ 6.107e-01  4.798e-01  3.225e-01  8.027e-01  6.124e-01
                6.287e-01  2.645e-02  4.334e-01]
         nit: 0
         jac: [ 0.000e+00  0.000e+00  0.000e+00  0.000e+00  0.000e+00
                0.000e+00  0.000e+00  0.000e+00]
    hess_inv: [[1 0 ... 0 0]
               [0 1 ... 0 0]
               ...
               [0 0 ... 1 0]
               [0 0 ... 0 1]]
        nfev: 9
        njev: 1
 param_names: ['d0', 'd1', 'e0', 'e1', 'f0', 'f1', 'g0', 'g1']
[0.61074272 0.47975669 0.3224832  0.80265683 0.61237991 0.62871629
 0.0264468  0.43336738]
Box9_1400
     message: Desired error not necessarily achieved due to precision loss.
     success: False
      status: 2
         fun: 8905350.849595873
           x: [ 8.774e-01 -2.913e-01  2.114e+00  5.693e+00  2.834e-01
               -4.066e-01  4.359e-01  7.565e-02]
         nit: 13
         jac: [-1.225e+07 -2.729e+06 -2.707e+05 -1.299e+05 -3.581e+06
               -4.333e+06 -7.395e+06 -5.486e+06]
    hess_inv: [[ 3.618e-08 -3.246e-08 ...  5.887e-09  1.942e-09]
               [-3.246e-08  6.015e-08 ... -6.453e-09  7.028e-09]
               ...
               [ 5.887e-09 -6.453e-09 ...  2.034e-09 -4.263e-09]
               [ 1.942e-09  7.028e-09 ... -4.263e-09  3.576e-08]]
        nfev: 444
        njev: 48
 param_names: ['d0', 'd1', 'e0', 'e1', 'f0', 'f1', 'g0', 'g1']
[ 0.87738829 -0.29126867  2.11403738  5.69337243  0.28344961 -0.40660557
  0.43588498  0.07564571]
