no change     /home/users/delon/miniconda3/condabin/conda
no change     /home/users/delon/miniconda3/bin/conda
no change     /home/users/delon/miniconda3/bin/conda-env
no change     /home/users/delon/miniconda3/bin/activate
no change     /home/users/delon/miniconda3/bin/deactivate
no change     /home/users/delon/miniconda3/etc/profile.d/conda.sh
no change     /home/users/delon/miniconda3/etc/fish/conf.d/conda.fish
no change     /home/users/delon/miniconda3/shell/condabin/Conda.psm1
no change     /home/users/delon/miniconda3/shell/condabin/conda-hook.ps1
no change     /home/users/delon/miniconda3/lib/python3.10/site-packages/xontrib/conda.xsh
no change     /home/users/delon/miniconda3/etc/profile.d/conda.csh
no change     /home/users/delon/.bashrc
No action taken.
Box10_1400
     message: Optimization terminated successfully.
     success: True
      status: 0
         fun: 1e+22
           x: [ 5.840e-01  6.335e-01  9.289e-01  9.699e-01  3.239e-01
                5.400e-01  1.950e-02  9.972e-01]
         nit: 0
         jac: [ 0.000e+00  0.000e+00  0.000e+00  0.000e+00  0.000e+00
                0.000e+00  0.000e+00  0.000e+00]
    hess_inv: [[1 0 ... 0 0]
               [0 1 ... 0 0]
               ...
               [0 0 ... 1 0]
               [0 0 ... 0 1]]
        nfev: 9
        njev: 1
 param_names: ['d0', 'd1', 'e0', 'e1', 'f0', 'f1', 'g0', 'g1']
[0.58402258 0.63348044 0.9288999  0.96990585 0.32385656 0.53995448
 0.01950158 0.99719803]
Box11_1400
     message: Desired error not necessarily achieved due to precision loss.
     success: False
      status: 2
         fun: 5768857.496372109
           x: [ 8.055e-01 -1.794e-01  3.301e+00  2.880e+00  5.648e-01
               -9.067e-01  4.902e-01  1.643e-01]
         nit: 13
         jac: [-1.094e+06 -6.423e+05  3.684e+04 -8.910e+03 -3.423e+06
               -4.260e+06  4.025e+06 -1.494e+06]
    hess_inv: [[ 8.083e-09 -1.365e-08 ...  1.018e-09 -3.483e-09]
               [-1.365e-08  1.161e-07 ...  1.255e-09  1.148e-08]
               ...
               [ 1.018e-09  1.255e-09 ...  8.400e-10 -9.804e-10]
               [-3.483e-09  1.148e-08 ... -9.804e-10  2.198e-08]]
        nfev: 704
        njev: 77
 param_names: ['d0', 'd1', 'e0', 'e1', 'f0', 'f1', 'g0', 'g1']
[ 0.80552513 -0.1793533   3.30128167  2.87980659  0.5648044  -0.9066742
  0.49022614  0.16432513]
Box12_1400
     message: Optimization terminated successfully.
     success: True
      status: 0
         fun: 1e+22
           x: [ 5.806e-01  5.220e-01  8.514e-01  9.505e-01  5.664e-01
                9.963e-01  5.882e-02  2.605e-01]
         nit: 0
         jac: [ 0.000e+00  0.000e+00  0.000e+00  0.000e+00  0.000e+00
                0.000e+00  0.000e+00  0.000e+00]
    hess_inv: [[1 0 ... 0 0]
               [0 1 ... 0 0]
               ...
               [0 0 ... 1 0]
               [0 0 ... 0 1]]
        nfev: 9
        njev: 1
 param_names: ['d0', 'd1', 'e0', 'e1', 'f0', 'f1', 'g0', 'g1']
[0.58063311 0.52203548 0.85137104 0.950476   0.56635366 0.99633775
 0.0588173  0.26049223]
Box13_1400
     message: Desired error not necessarily achieved due to precision loss.
     success: False
      status: 2
         fun: 2951297.779615714
           x: [ 4.444e-01  5.338e-01  3.883e+00 -4.390e+00  1.910e-01
               -2.121e-01  4.055e-01  1.488e-01]
         nit: 16
         jac: [-3.247e+06 -1.777e+05  3.277e+05  1.651e+05  2.012e+07
                1.050e+07  4.377e+06  2.163e+05]
    hess_inv: [[ 1.896e-08  1.052e-07 ...  6.267e-10  2.594e-08]
               [ 1.052e-07  9.352e-07 ... -5.445e-09  2.096e-07]
               ...
               [ 6.267e-10 -5.445e-09 ...  7.313e-10 -2.114e-09]
               [ 2.594e-08  2.096e-07 ... -2.114e-09  5.519e-08]]
        nfev: 415
        njev: 45
 param_names: ['d0', 'd1', 'e0', 'e1', 'f0', 'f1', 'g0', 'g1']
[ 0.44437239  0.53383961  3.88255069 -4.39027374  0.19095502 -0.21214023
  0.40547361  0.14877385]
Box14_1400
     message: Optimization terminated successfully.
     success: True
      status: 0
         fun: 1e+22
           x: [ 2.766e-01  9.084e-01  5.521e-01  9.120e-01  4.843e-02
                6.948e-01  5.701e-01  3.775e-01]
         nit: 0
         jac: [ 0.000e+00  0.000e+00  0.000e+00  0.000e+00  0.000e+00
                0.000e+00  0.000e+00  0.000e+00]
    hess_inv: [[1 0 ... 0 0]
               [0 1 ... 0 0]
               ...
               [0 0 ... 1 0]
               [0 0 ... 0 1]]
        nfev: 9
        njev: 1
 param_names: ['d0', 'd1', 'e0', 'e1', 'f0', 'f1', 'g0', 'g1']
[0.2766164  0.90843439 0.55213018 0.91204527 0.04842545 0.69479835
 0.5701054  0.37750244]
Box15_1400
     message: Desired error not necessarily achieved due to precision loss.
     success: False
      status: 2
         fun: 61173320.045612924
           x: [ 1.388e-01 -1.169e-01  1.540e+00  7.928e-01  1.821e-01
               -1.265e-01  3.170e-01  9.355e-02]
         nit: 7
         jac: [-3.267e+08 -8.821e+07  3.024e+05  6.051e+04 -1.613e+08
               -4.019e+07  9.049e+06 -1.004e+07]
    hess_inv: [[ 8.312e-07 -2.059e-06 ... -2.357e-07  1.297e-07]
               [-2.059e-06  5.102e-06 ...  5.840e-07 -3.201e-07]
               ...
               [-2.357e-07  5.840e-07 ...  6.864e-08 -4.074e-08]
               [ 1.297e-07 -3.201e-07 ... -4.074e-08  3.760e-08]]
        nfev: 633
        njev: 69
 param_names: ['d0', 'd1', 'e0', 'e1', 'f0', 'f1', 'g0', 'g1']
[ 0.13879207 -0.11691233  1.54021978  0.7927971   0.18211607 -0.12645542
  0.31698972  0.09355348]
Box16_1400
     message: Desired error not necessarily achieved due to precision loss.
     success: False
      status: 2
         fun: 1432349.077132441
           x: [ 2.162e+00 -1.031e+00  2.463e+00  5.049e+00  1.775e-01
               -2.410e-01  6.838e-01  5.351e-01]
         nit: 66
         jac: [-5.497e+05 -1.220e+05 -3.362e+05 -4.368e+04 -5.645e+06
               -1.832e+06 -1.473e+05 -1.150e+05]
    hess_inv: [[ 2.180e-07 -2.971e-07 ...  3.471e-08  4.182e-09]
               [-2.971e-07  1.237e-06 ... -5.256e-08  2.190e-07]
               ...
               [ 3.471e-08 -5.256e-08 ...  7.087e-09 -3.108e-09]
               [ 4.182e-09  2.190e-07 ... -3.108e-09  9.511e-08]]
        nfev: 1489
        njev: 163
 param_names: ['d0', 'd1', 'e0', 'e1', 'f0', 'f1', 'g0', 'g1']
[ 2.16194992 -1.0312197   2.463215    5.04904529  0.17748727 -0.24099846
  0.68381175  0.53508102]
Box17_1400
     message: Optimization terminated successfully.
     success: True
      status: 0
         fun: 1e+22
           x: [ 3.118e-01  1.982e-01  3.797e-01  6.337e-02  8.788e-01
                3.555e-01  5.721e-02  5.039e-01]
         nit: 0
         jac: [ 0.000e+00  0.000e+00  0.000e+00  0.000e+00  0.000e+00
                0.000e+00  0.000e+00  0.000e+00]
    hess_inv: [[1 0 ... 0 0]
               [0 1 ... 0 0]
               ...
               [0 0 ... 1 0]
               [0 0 ... 0 1]]
        nfev: 9
        njev: 1
 param_names: ['d0', 'd1', 'e0', 'e1', 'f0', 'f1', 'g0', 'g1']
[0.3118465  0.19824887 0.37967545 0.06337391 0.8788394  0.35551944
 0.05720799 0.50391102]
Box18_1400
     message: Desired error not necessarily achieved due to precision loss.
     success: False
      status: 2
         fun: 5012608.737743422
           x: [ 3.686e+00 -5.231e+00  6.672e-01 -1.381e-01  1.302e+00
               -1.941e+00  8.166e-01 -2.350e-01]
         nit: 15
         jac: [-1.836e+05 -2.715e+04  1.114e+06 -1.034e+06 -3.617e+06
               -4.433e+05  3.986e+05 -1.005e+06]
    hess_inv: [[ 4.539e-07 -9.799e-07 ... -1.181e-09  8.126e-08]
               [-9.799e-07  3.488e-06 ...  1.710e-08 -1.349e-07]
               ...
               [-1.181e-09  1.710e-08 ...  1.653e-09 -4.157e-09]
               [ 8.126e-08 -1.349e-07 ... -4.157e-09  3.329e-08]]
        nfev: 385
        njev: 41
 param_names: ['d0', 'd1', 'e0', 'e1', 'f0', 'f1', 'g0', 'g1']
[ 3.68607526 -5.23099632  0.66718905 -0.13813433  1.30239962 -1.94124458
  0.81656226 -0.23495734]
Box19_1400
     message: Desired error not necessarily achieved due to precision loss.
     success: False
      status: 2
         fun: 14329451.816967038
           x: [ 4.119e-01 -3.335e-01  3.637e+00 -3.097e-01  2.653e-01
                1.132e-01  4.262e-01  7.275e-03]
         nit: 7
         jac: [ 1.493e+07  2.763e+07 -4.157e+05 -5.496e+04 -2.358e+07
                1.089e+07  4.329e+07 -2.225e+06]
    hess_inv: [[ 1.752e-04 -2.880e-04 ...  3.730e-05  9.707e-06]
               [-2.880e-04  4.734e-04 ... -6.132e-05 -1.596e-05]
               ...
               [ 3.730e-05 -6.132e-05 ...  7.944e-06  2.065e-06]
               [ 9.707e-06 -1.596e-05 ...  2.065e-06  5.634e-07]]
        nfev: 587
        njev: 64
 param_names: ['d0', 'd1', 'e0', 'e1', 'f0', 'f1', 'g0', 'g1']
[ 0.41189911 -0.33347121  3.63655256 -0.30965241  0.26531257  0.11320618
  0.42617859  0.00727497]
