no change     /home/users/delon/miniconda3/condabin/conda
no change     /home/users/delon/miniconda3/bin/conda
no change     /home/users/delon/miniconda3/bin/conda-env
no change     /home/users/delon/miniconda3/bin/activate
no change     /home/users/delon/miniconda3/bin/deactivate
no change     /home/users/delon/miniconda3/etc/profile.d/conda.sh
no change     /home/users/delon/miniconda3/etc/fish/conf.d/conda.fish
no change     /home/users/delon/miniconda3/shell/condabin/Conda.psm1
no change     /home/users/delon/miniconda3/shell/condabin/conda-hook.ps1
no change     /home/users/delon/miniconda3/lib/python3.10/site-packages/xontrib/conda.xsh
no change     /home/users/delon/miniconda3/etc/profile.d/conda.csh
no change     /home/users/delon/.bashrc
No action taken.
Box_n50_0_1400
     message: Desired error not necessarily achieved due to precision loss.
     success: False
      status: 2
         fun: 15615236.593478478
           x: [ 1.014e+00 -1.105e+00  1.828e-01  6.182e-01  5.974e-01
               -8.863e-01  5.313e-01  7.521e-01]
         nit: 15
         jac: [-4.095e+06 -1.166e+06  3.913e+05  3.897e+05  3.566e+07
                1.167e+07  5.865e+07  1.029e+07]
    hess_inv: [[ 9.857e-09 -2.242e-08 ...  7.454e-10 -2.382e-09]
               [-2.242e-08  1.867e-07 ... -4.946e-09 -1.929e-08]
               ...
               [ 7.454e-10 -4.946e-09 ...  1.255e-09 -4.200e-09]
               [-2.382e-09 -1.929e-08 ... -4.200e-09  2.949e-08]]
        nfev: 814
        njev: 89
 param_names: ['d0', 'd1', 'e0', 'e1', 'f0', 'f1', 'g0', 'g1']
[ 1.01411409 -1.10525076  0.18279796  0.61819267  0.59737932 -0.88630525
  0.5313363   0.75207185]
Box_n50_1_1400
     message: Desired error not necessarily achieved due to precision loss.
     success: False
      status: 2
         fun: 1420639.920176718
           x: [ 1.394e+00  1.216e+00  3.899e+00 -4.276e+00  1.070e-01
                2.962e-02  5.320e-01  7.340e-01]
         nit: 30
         jac: [-2.814e+05  4.085e+03 -1.516e+05 -9.602e+03 -2.431e+06
               -1.606e+05 -2.042e+04 -7.737e+04]
    hess_inv: [[ 6.762e-08 -4.007e-09 ...  1.257e-08  3.231e-08]
               [-4.007e-09  1.138e-06 ... -1.380e-08  2.506e-07]
               ...
               [ 1.257e-08 -1.380e-08 ...  3.214e-09  4.119e-09]
               [ 3.231e-08  2.506e-07 ...  4.119e-09  1.019e-07]]
        nfev: 863
        njev: 95
 param_names: ['d0', 'd1', 'e0', 'e1', 'f0', 'f1', 'g0', 'g1']
[ 1.3944689   1.21614406  3.89862491 -4.27614978  0.10703547  0.02962485
  0.531991    0.7339763 ]
Box_n50_2_1400
     message: Desired error not necessarily achieved due to precision loss.
     success: False
      status: 2
         fun: 14030290.253477572
           x: [ 4.293e-01 -2.957e-01  3.333e+00 -6.476e+00  1.318e+00
                1.526e+00  5.006e-01  4.985e-01]
         nit: 15
         jac: [-5.533e+07  1.273e+07 -5.230e+06 -3.283e+06 -2.948e+06
                4.260e+05 -5.721e+06 -8.471e+06]
    hess_inv: [[ 2.353e-09 -6.292e-09 ... -2.337e-10  1.112e-10]
               [-6.292e-09  3.146e-08 ... -9.265e-10 -1.759e-09]
               ...
               [-2.337e-10 -9.265e-10 ...  1.690e-09 -3.899e-09]
               [ 1.112e-10 -1.759e-09 ... -3.899e-09  1.294e-08]]
        nfev: 659
        njev: 72
 param_names: ['d0', 'd1', 'e0', 'e1', 'f0', 'f1', 'g0', 'g1']
[ 0.4292677  -0.29571653  3.33330523 -6.47559762  1.31770813  1.52570487
  0.50059909  0.49854126]
Box_n50_3_1400
     message: Optimization terminated successfully.
     success: True
      status: 0
         fun: 1e+22
           x: [ 1.844e-02  1.863e-01  5.499e-01  4.287e-01  5.315e-01
                8.271e-02  6.257e-01  8.429e-01]
         nit: 0
         jac: [ 0.000e+00  0.000e+00  0.000e+00  0.000e+00  0.000e+00
                0.000e+00  0.000e+00  0.000e+00]
    hess_inv: [[1 0 ... 0 0]
               [0 1 ... 0 0]
               ...
               [0 0 ... 1 0]
               [0 0 ... 0 1]]
        nfev: 9
        njev: 1
 param_names: ['d0', 'd1', 'e0', 'e1', 'f0', 'f1', 'g0', 'g1']
[0.01844036 0.18626966 0.54990216 0.42873007 0.53152829 0.08271287
 0.62572619 0.84286332]
Box_n50_4_1400
     message: Desired error not necessarily achieved due to precision loss.
     success: False
      status: 2
         fun: 6177990.935955563
           x: [ 1.585e-01  1.360e-01  1.129e-02  4.418e-02  1.905e+00
                4.523e+00  6.324e-01  1.591e+00]
         nit: 19
         jac: [ 3.880e+07  6.156e+06 -6.421e+07 -8.271e+05  1.087e+06
                9.960e+05  9.604e+06 -2.587e+05]
    hess_inv: [[ 1.622e-10  1.153e-10 ...  7.946e-10  3.033e-09]
               [ 1.153e-10  2.714e-09 ...  2.348e-09  1.768e-08]
               ...
               [ 7.946e-10  2.348e-09 ...  8.974e-09  1.630e-08]
               [ 3.033e-09  1.768e-08 ...  1.630e-08  2.216e-07]]
        nfev: 765
        njev: 83
 param_names: ['d0', 'd1', 'e0', 'e1', 'f0', 'f1', 'g0', 'g1']
[0.15853283 0.13600259 0.01128605 0.04418095 1.90459669 4.52331569
 0.63244959 1.59057868]
Box_n50_5_1400
     message: Optimization terminated successfully.
     success: True
      status: 0
         fun: 1e+22
           x: [ 5.557e-03  4.978e-01  2.246e-01  2.807e-01  8.020e-01
                5.622e-01  1.997e-01  4.175e-01]
         nit: 0
         jac: [ 0.000e+00  0.000e+00  0.000e+00  0.000e+00  0.000e+00
                0.000e+00  0.000e+00  0.000e+00]
    hess_inv: [[1 0 ... 0 0]
               [0 1 ... 0 0]
               ...
               [0 0 ... 1 0]
               [0 0 ... 0 1]]
        nfev: 9
        njev: 1
 param_names: ['d0', 'd1', 'e0', 'e1', 'f0', 'f1', 'g0', 'g1']
[0.00555742 0.49783039 0.22460679 0.28070406 0.8019917  0.56219827
 0.19966691 0.41747808]
Box_n50_6_1400
     message: Optimization terminated successfully.
     success: True
      status: 0
         fun: 1e+22
           x: [ 4.727e-01  8.509e-01  5.962e-02  1.608e-01  4.580e-02
                5.058e-01  2.265e-01  1.224e-03]
         nit: 0
         jac: [ 0.000e+00  0.000e+00  0.000e+00  0.000e+00  0.000e+00
                0.000e+00  0.000e+00  0.000e+00]
    hess_inv: [[1 0 ... 0 0]
               [0 1 ... 0 0]
               ...
               [0 0 ... 1 0]
               [0 0 ... 0 1]]
        nfev: 9
        njev: 1
 param_names: ['d0', 'd1', 'e0', 'e1', 'f0', 'f1', 'g0', 'g1']
[0.47269523 0.85092794 0.0596186  0.16080525 0.04580327 0.50582813
 0.22650541 0.00122353]
Box_n50_7_1400
     message: Desired error not necessarily achieved due to precision loss.
     success: False
      status: 2
         fun: 2101403.3346222285
           x: [ 2.672e-01 -1.841e-01  2.077e-03 -2.621e-03  1.355e+00
                1.605e+00  5.436e-01  9.585e-01]
         nit: 29
         jac: [ 3.027e+06 -1.632e+06  7.711e+06  2.233e+07  2.954e+05
               -1.085e+05 -2.284e+06  5.925e+05]
    hess_inv: [[ 2.608e-09 -1.720e-09 ... -1.379e-09 -7.387e-09]
               [-1.720e-09  8.280e-09 ... -9.004e-10  1.397e-08]
               ...
               [-1.379e-09 -9.004e-10 ...  1.509e-09 -8.497e-10]
               [-7.387e-09  1.397e-08 ... -8.497e-10  6.779e-08]]
        nfev: 1638
        njev: 180
 param_names: ['d0', 'd1', 'e0', 'e1', 'f0', 'f1', 'g0', 'g1']
[ 0.2671629  -0.18409331  0.00207669 -0.00262093  1.35467218  1.60463162
  0.54356338  0.95853621]
Box_n50_8_1400
     message: Optimization terminated successfully.
     success: True
      status: 0
         fun: 1e+22
           x: [ 5.059e-02  9.941e-01  3.919e-01  8.953e-01  4.209e-01
                3.982e-02  5.514e-01  1.244e-01]
         nit: 0
         jac: [ 0.000e+00  0.000e+00  0.000e+00  0.000e+00  0.000e+00
                0.000e+00  0.000e+00  0.000e+00]
    hess_inv: [[1 0 ... 0 0]
               [0 1 ... 0 0]
               ...
               [0 0 ... 1 0]
               [0 0 ... 0 1]]
        nfev: 9
        njev: 1
 param_names: ['d0', 'd1', 'e0', 'e1', 'f0', 'f1', 'g0', 'g1']
[0.05058507 0.99412703 0.39185044 0.89526699 0.42093594 0.03982169
 0.55140229 0.12436115]
Box_n50_9_1400
     message: Desired error not necessarily achieved due to precision loss.
     success: False
      status: 2
         fun: 1408531.3591925506
           x: [ 1.655e+00  9.858e-01  3.979e+00 -4.046e+00  1.822e-01
               -5.417e-02  6.058e-01  8.556e-01]
         nit: 63
         jac: [ 4.128e+03 -1.604e+04 -1.313e+05 -5.334e+04 -1.113e+06
               -4.635e+05 -2.446e+05 -6.954e+04]
    hess_inv: [[ 1.029e-07  1.917e-07 ...  1.637e-08  5.982e-08]
               [ 1.917e-07  1.108e-06 ...  2.438e-08  2.411e-07]
               ...
               [ 1.637e-08  2.438e-08 ...  3.677e-09  8.429e-09]
               [ 5.982e-08  2.411e-07 ...  8.429e-09  1.093e-07]]
        nfev: 1317
        njev: 144
 param_names: ['d0', 'd1', 'e0', 'e1', 'f0', 'f1', 'g0', 'g1']
[ 1.65466801  0.98583605  3.97931354 -4.04639456  0.18220957 -0.05417196
  0.60583371  0.85560615]
