no change     /home/users/delon/miniconda3/condabin/conda
no change     /home/users/delon/miniconda3/bin/conda
no change     /home/users/delon/miniconda3/bin/conda-env
no change     /home/users/delon/miniconda3/bin/activate
no change     /home/users/delon/miniconda3/bin/deactivate
no change     /home/users/delon/miniconda3/etc/profile.d/conda.sh
no change     /home/users/delon/miniconda3/etc/fish/conf.d/conda.fish
no change     /home/users/delon/miniconda3/shell/condabin/Conda.psm1
no change     /home/users/delon/miniconda3/shell/condabin/conda-hook.ps1
no change     /home/users/delon/miniconda3/lib/python3.10/site-packages/xontrib/conda.xsh
no change     /home/users/delon/miniconda3/etc/profile.d/conda.csh
no change     /home/users/delon/.bashrc
No action taken.
Box_n50_10_1400
     message: Desired error not necessarily achieved due to precision loss.
     success: False
      status: 2
         fun: 1582454.2641262026
           x: [ 1.178e-01 -5.107e-02  4.927e-07  5.693e-07  9.309e-01
                1.498e+00  4.576e-01  5.365e-01]
         nit: 141
         jac: [ 1.094e+07  4.510e+06 -1.991e+10 -7.256e+09 -3.286e+05
               -5.881e+04  7.124e+05  6.364e+04]
    hess_inv: [[ 6.642e-09 -5.467e-09 ...  1.001e-09  1.700e-09]
               [-5.467e-09  5.330e-09 ... -1.870e-11  7.393e-10]
               ...
               [ 1.001e-09 -1.870e-11 ...  1.822e-09  5.975e-10]
               [ 1.700e-09  7.393e-10 ...  5.975e-10  3.997e-08]]
        nfev: 2406
        njev: 265
 param_names: ['d0', 'd1', 'e0', 'e1', 'f0', 'f1', 'g0', 'g1']
[ 1.17759368e-01 -5.10744293e-02  4.92685587e-07  5.69300238e-07
  9.30870735e-01  1.49779012e+00  4.57601564e-01  5.36501003e-01]
Box_n50_11_1400
     message: Desired error not necessarily achieved due to precision loss.
     success: False
      status: 2
         fun: 13011831.412228756
           x: [ 4.552e-01 -4.480e-01  4.514e+00 -1.922e+00  1.631e+00
               -1.265e+00  4.661e-01  4.437e-01]
         nit: 9
         jac: [ 8.210e+07  5.512e+07 -7.230e+04 -6.181e+04 -4.615e+06
               -4.829e+06 -2.884e+07  1.834e+07]
    hess_inv: [[ 2.378e-09 -6.141e-09 ...  1.157e-09 -2.306e-09]
               [-6.141e-09  1.997e-08 ... -3.495e-09  9.308e-09]
               ...
               [ 1.157e-09 -3.495e-09 ...  1.395e-09 -2.730e-09]
               [-2.306e-09  9.308e-09 ... -2.730e-09  1.249e-08]]
        nfev: 324
        njev: 35
 param_names: ['d0', 'd1', 'e0', 'e1', 'f0', 'f1', 'g0', 'g1']
[ 0.4552079  -0.44803382  4.51396551 -1.92232487  1.63086176 -1.26467805
  0.46605963  0.44365343]
Box_n50_12_1400
     message: Desired error not necessarily achieved due to precision loss.
     success: False
      status: 2
         fun: 5306983.554164023
           x: [ 5.690e-01 -7.093e-01  1.063e+00  7.257e-01  1.744e+00
                8.964e-01  5.385e-01  5.751e-01]
         nit: 6
         jac: [-3.504e+06 -1.079e+07 -2.099e+06  4.612e+05  6.086e+06
                1.595e+05 -2.117e+07 -6.691e+05]
    hess_inv: [[ 2.031e-05 -2.806e-04 ... -1.679e-04 -3.942e-05]
               [-2.806e-04  3.891e-03 ...  2.438e-03  5.166e-04]
               ...
               [-1.679e-04  2.438e-03 ...  2.471e-03  6.771e-05]
               [-3.942e-05  5.166e-04 ...  6.771e-05  1.380e-04]]
        nfev: 518
        njev: 57
 param_names: ['d0', 'd1', 'e0', 'e1', 'f0', 'f1', 'g0', 'g1']
[ 0.5690272  -0.70930323  1.06326311  0.72566863  1.74393891  0.89641114
  0.53847696  0.57505325]
Box_n50_13_1400
     message: Optimization terminated successfully.
     success: True
      status: 0
         fun: 1e+22
           x: [ 5.540e-01  6.204e-01  3.661e-01  6.339e-01  1.365e-01
                8.049e-01  9.127e-01  5.686e-01]
         nit: 0
         jac: [ 0.000e+00  0.000e+00  0.000e+00  0.000e+00  0.000e+00
                0.000e+00  0.000e+00  0.000e+00]
    hess_inv: [[1 0 ... 0 0]
               [0 1 ... 0 0]
               ...
               [0 0 ... 1 0]
               [0 0 ... 0 1]]
        nfev: 9
        njev: 1
 param_names: ['d0', 'd1', 'e0', 'e1', 'f0', 'f1', 'g0', 'g1']
[0.55401031 0.62039822 0.36609765 0.63393897 0.13650905 0.80493744
 0.91272189 0.56859278]
Box_n50_14_1400
     message: Optimization terminated successfully.
     success: True
      status: 0
         fun: 1e+22
           x: [ 5.278e-01  6.406e-01  5.739e-01  9.597e-01  7.660e-02
                8.535e-01  6.691e-01  5.203e-01]
         nit: 0
         jac: [ 0.000e+00  0.000e+00  0.000e+00  0.000e+00  0.000e+00
                0.000e+00  0.000e+00  0.000e+00]
    hess_inv: [[1 0 ... 0 0]
               [0 1 ... 0 0]
               ...
               [0 0 ... 1 0]
               [0 0 ... 0 1]]
        nfev: 9
        njev: 1
 param_names: ['d0', 'd1', 'e0', 'e1', 'f0', 'f1', 'g0', 'g1']
[0.52784357 0.64056858 0.57393354 0.95969882 0.07659533 0.85352851
 0.66906201 0.52032946]
Box_n50_15_1400
     message: Desired error not necessarily achieved due to precision loss.
     success: False
      status: 2
         fun: 18786744.09471542
           x: [ 4.701e-01 -3.043e-01  4.195e+00  1.111e+00  2.949e-01
               -3.331e-01  3.980e-01  5.005e-03]
         nit: 10
         jac: [-9.103e+07 -9.581e+06 -8.359e+05 -9.110e+04 -1.248e+08
               -1.806e+07  2.007e+06 -1.062e+07]
    hess_inv: [[ 2.879e-09 -3.841e-09 ... -9.018e-10  2.571e-09]
               [-3.841e-09  1.099e-08 ...  1.030e-09 -1.976e-09]
               ...
               [-9.018e-10  1.030e-09 ...  1.103e-09 -3.540e-09]
               [ 2.571e-09 -1.976e-09 ... -3.540e-09  1.283e-08]]
        nfev: 649
        njev: 71
 param_names: ['d0', 'd1', 'e0', 'e1', 'f0', 'f1', 'g0', 'g1']
[ 0.47010914 -0.30433216  4.19465037  1.11116201  0.29491825 -0.33311388
  0.39802093  0.00500452]
Box_n50_16_1400
     message: Optimization terminated successfully.
     success: True
      status: 0
         fun: 1e+22
           x: [ 9.150e-01  2.605e-01  2.688e-02  1.435e-01  8.988e-01
                2.966e-02  8.443e-01  1.104e-01]
         nit: 0
         jac: [ 0.000e+00  0.000e+00  0.000e+00  0.000e+00  0.000e+00
                0.000e+00  0.000e+00  0.000e+00]
    hess_inv: [[1 0 ... 0 0]
               [0 1 ... 0 0]
               ...
               [0 0 ... 1 0]
               [0 0 ... 0 1]]
        nfev: 9
        njev: 1
 param_names: ['d0', 'd1', 'e0', 'e1', 'f0', 'f1', 'g0', 'g1']
[0.91502939 0.26048285 0.02688444 0.14353553 0.89884909 0.02965765
 0.84433235 0.11044702]
Box_n50_17_1400
     message: Desired error not necessarily achieved due to precision loss.
     success: False
      status: 2
         fun: 45561845.14959427
           x: [ 2.224e-01 -1.541e-01  2.385e-01  8.847e-01  4.561e-01
               -2.898e-01  5.777e-01  7.438e-01]
         nit: 5
         jac: [-6.428e+07  7.392e+07  1.131e+07 -5.529e+05 -5.231e+07
                9.462e+06  1.266e+08  9.758e+06]
    hess_inv: [[ 9.439e-05  8.980e-04 ...  1.146e-04  9.566e-03]
               [ 8.980e-04  1.001e-02 ...  2.323e-03  9.383e-02]
               ...
               [ 1.146e-04  2.323e-03 ...  1.262e-03  1.295e-02]
               [ 9.566e-03  9.383e-02 ...  1.295e-02  9.877e-01]]
        nfev: 825
        njev: 90
 param_names: ['d0', 'd1', 'e0', 'e1', 'f0', 'f1', 'g0', 'g1']
[ 0.22239287 -0.15412164  0.23854174  0.88470246  0.45607506 -0.28977634
  0.57766287  0.74382179]
Box_n50_18_1400
     message: Desired error not necessarily achieved due to precision loss.
     success: False
      status: 2
         fun: 1484752.6106737568
           x: [ 1.529e+00 -4.177e-01  2.296e+00  5.381e+00  1.258e-01
               -1.640e-01  5.338e-01  4.172e-01]
         nit: 58
         jac: [-1.718e+04 -5.450e+03 -4.751e+04 -3.527e+03 -1.020e+06
               -3.258e+05  2.344e+04 -3.947e+04]
    hess_inv: [[ 3.515e-07 -2.953e-07 ...  2.977e-08  4.016e-08]
               [-2.953e-07  7.037e-07 ... -2.649e-08  8.956e-08]
               ...
               [ 2.977e-08 -2.649e-08 ...  4.275e-09  3.356e-09]
               [ 4.016e-08  8.956e-08 ...  3.356e-09  6.620e-08]]
        nfev: 795
        njev: 87
 param_names: ['d0', 'd1', 'e0', 'e1', 'f0', 'f1', 'g0', 'g1']
[ 1.52923178 -0.41767345  2.2962171   5.3813127   0.12576515 -0.16404955
  0.53384605  0.41716969]
Box_n50_19_1400
     message: Optimization terminated successfully.
     success: True
      status: 0
         fun: 1e+22
           x: [ 8.170e-01  3.047e-01  1.544e-01  6.456e-01  2.580e-02
                6.877e-01  2.000e-01  3.167e-01]
         nit: 0
         jac: [ 0.000e+00  0.000e+00  0.000e+00  0.000e+00  0.000e+00
                0.000e+00  0.000e+00  0.000e+00]
    hess_inv: [[1 0 ... 0 0]
               [0 1 ... 0 0]
               ...
               [0 0 ... 1 0]
               [0 0 ... 0 1]]
        nfev: 9
        njev: 1
 param_names: ['d0', 'd1', 'e0', 'e1', 'f0', 'f1', 'g0', 'g1']
[0.81699805 0.30474352 0.1544412  0.64561465 0.02580077 0.6876564
 0.19995821 0.31665873]
